B1=-1.99702550405339*x1**2 + 2.60677896067457*x1*x2 - 5.41285330993038*x1 - 0.70042413441778*x2**2 - 1.32708982184032*x2 - 2.28305325091428
B2=-2.31567126012803*x1**2 + 1.66053731658847*x1*x2 - 1.88105008207089*x1 - 1.20005292991079*x2**2 - 2.2466178316085*x2 - 3.00704750406372