B1=2.07235393581884*x1**2 - 5.56682068288062*x1*x2 - 1.40131613527626*x1 + 8.00384275188518*x2**2 - 5.24091994748168*x2 + 1.08556270178307
B2=-0.646692658317694*x1**2 + 3.10991221573759*x1*x2 - 10.6640742736045*x1 - 7.29779423752359*x2**2 - 4.14366009911728*x2 + 13.9155044691098