B1=-0.165961092882219*x1**2 - 0.867979114529762*x1*x2 + 0.0573414904101237*x1*x3 + 0.230270175758788*x1 - 0.361957874294974*x2**2 + 0.0317015447231899*x2*x3 - 0.303392051755548*x2 + 0.0478670773859337*x3**2 + 0.0877522512890545*x3 + 0.95178754072303
B2=-0.094980754805805*x1**2 - 0.162330366362189*x1*x2 - 0.0396975602859461*x1*x3 + 0.0490511410098704*x1 - 0.0409979729488412*x2**2 - 0.000620467199399437*x2*x3 + 0.62199281295216*x2 - 0.0447170871430317*x3**2 - 0.267855208980513*x3 - 0.201447457867968