B1=3.34869695522296*x1**2 - 2.61415152626887*x1*x2 + 1.60424356960641*x1 + 2.40274970398763*x2**2 - 1.16443945392584*x2 - 1.17412881880205
B2=-1.56404082775651*x1**2 + 3.64010683826622*x1*x2 - 3.33391633474677*x1 - 3.99937304282988*x2**2 - 2.20994517477076*x2 + 4.59856038185545