B1=0.00381533188830208*x1**2 - 0.142414937959854*x1*x2 + 0.0357372744159423*x1*x3 + 0.0554779045128524*x1 - 0.110292066181816*x2**2 + 0.0822775145647594*x2*x3 - 0.161824813882717*x2 + 0.0783826295021323*x3**2 + 0.0147606853913699*x3 + 0.530257779557651
B2=-0.180514176399167*x1**2 - 0.0544622073431994*x1*x2 - 0.0476807116362452*x1*x3 - 0.1417544831225*x1 - 0.00912444460904753*x2**2 + 0.0116208443311372*x2*x3 + 0.566447982479008*x2 - 0.0186469526176005*x3**2 - 0.0217277676701192*x3 - 0.260500592248733