B1=-0.00160852268187266*x1**2 - 0.151656851312791*x1*x2 + 0.03188933901347*x1*x3 + 0.0364666927734526*x1 - 0.117853946219058*x2**2 + 0.0819629669811866*x2*x3 - 0.188629801570061*x2 + 0.0790696280294991*x3**2 + 0.0101991528525626*x3 + 0.527522293362683
B2=-0.237375379509874*x1**2 - 0.0884414983108128*x1*x2 - 0.0954514076235521*x1*x3 - 0.167471398853212*x1 - 0.0082301783727468*x2**2 + 0.0191514374508956*x2*x3 + 0.519580588288144*x2 - 0.01813184968601*x3**2 - 0.0370208247599792*x3 - 0.242769415885771