B1=0.00860533083655072*x1**2 - 0.140198018746588*x1*x2 + 0.0403995217030189*x1*x3 + 0.0737457271413406*x1 - 0.108332697512422*x2**2 + 0.0857403636091057*x2*x3 - 0.146028072728054*x2 + 0.0809078699801404*x3**2 + 0.0192308428933454*x3 + 0.550960998430802
B2=-0.162351804334898*x1**2 - 0.06968970464416*x1*x2 - 0.0872081826506469*x1*x3 - 0.0754057701499598*x1 - 0.00561791249740331*x2**2 + 0.0166001295593982*x2*x3 + 0.515148654087021*x2 - 0.0150738339688352*x3**2 + 0.0049467089167957*x3 - 0.232097473416771