B1=-0.183365874759669*x1**2 - 0.759313674684858*x1*x2 + 0.0328862088385619*x1*x3 + 0.0542831776677471*x1 - 0.371051828502953*x2**2 + 0.0253024040225701*x2*x3 - 0.323051396934293*x2 + 0.062714486632175*x3**2 + 0.0259338246926461*x3 + 0.791821280100153
B2=-0.267451438952733*x1**2 - 0.29349186851842*x1*x2 - 0.128136121099219*x1*x3 - 0.0138528257836139*x1 - 0.0840850835814538*x2**2 + 0.0150183833602541*x2*x3 + 0.497921524103135*x2 - 0.0937509974095239*x3**2 - 0.15359119350354*x3 - 0.111572551886781