B1=2.66460779086113*x1**2 - 3.94639638138918*x1*x2 + 3.25608511011832*x1 + 2.13302524633815*x2**2 - 3.3716523557757*x2 + 1.51080414559736
B2=-1.82708941570119*x1**2 + 3.26041922180153*x1*x2 - 3.87024865663214*x1 - 3.33192662307027*x2**2 - 3.32299180930142*x2 + 5.78122617074701